230091:23:01:115,0a413fe1-22a6-11e7-a91a-142d273f8cf7,5210272650,2016-04-17
